5.333579730895614546e+00
4.389508079534799379e+00
1.615898039566943112e+00
4.398461045979111361e+00
3.726789544140402199e+00
3.842293360995284957e+00
3.596504066144191825e+00
3.526478811087223164e+00
3.080882769656824394e+00
1.235848842223632005e+00
6.550632192804613396e+00
2.470253628840772819e+00
1.626385400882298882e+00
2.469840872690269862e+00
5.070938648785272562e-02
2.109113406551657022e-01
-1.261542525358798628e+00
-2.411987215804458629e-01
-4.166037317053721267e-01
-9.179045930669254005e-01
-1.718144225059162977e+00
-2.252225768740920842e+00
-3.364327516648863536e+00
-3.520753611557427831e+00
-2.828516258177053544e+00
-2.350003906697963885e+00
-4.714025174448373434e+00
-5.253992497954879326e+00
-4.660053938372076487e+00
-2.525339587697089883e+00
-4.128769160731106780e+00
-4.143408654519188161e+00
-2.061671246242792321e+01
-3.009697536165809595e+00
-1.772944622499011302e+00
-1.683245361356007663e+00
-1.570578117702158494e+00
1.865754747738783692e-01
-7.195995756757334050e-01
-2.966210395284523571e+00
-2.399131570253008050e+00
-7.580432539924153446e-01
-3.604718662574910581e-01
-2.744419662809818306e-01
-1.147338777302131518e-01
-2.314574907713051743e-01
-1.999503837046127330e+00
-6.939048869091379856e-01
9.569483699358052320e-01
4.827405562046855891e-01
-2.161060210803398718e+00
3.923849525967138874e+00
5.153511599589002401e-01
6.484168109941030878e-01
4.721842254684851525e-01
1.294868240953643834e+00
1.091260004516179549e+00
3.170235584578247057e+00
6.225474838688807466e+00
8.284445851032593566e-01
1.982462308875277301e+00
2.218159501281785850e+00
1.746228984864526268e+00
1.603363337779789788e+00
5.235309546704723260e+00
5.420591200175810087e+00
3.881869238397523958e+00
3.269034124457064650e+00
-3.539122570871516160e+00
2.792851273734068940e+00
8.604669332556014183e-02
5.425062993500926467e+00
5.399886059018889739e+00
2.194877803456154908e+00
1.498589269906741350e+00
2.268514314919624297e+00
-2.601399319620405493e-01
5.612733980830775238e-01
2.668913183016485391e+00
9.619362825519850446e-01
3.179687922805985778e+00
1.046477329375019139e+00
2.421913757094213082e+00
2.137666334329786366e-01
-2.031646430463222686e+00
2.816931279378810160e+00
6.516959039984016044e-02
-1.794660199369559450e+00
5.634349874201234343e-01
1.222728360273714898e+00
-2.237891154618854017e-01
-2.287194454773178620e+00
5.666766286908092809e+00
1.619002669388827087e+00
-1.427944532908620445e+00
-3.427665894031971305e+00
-1.826072754000406917e+00
9.870493501252042279e-02
-6.530285666640374131e-01
4.676160814408156341e+00
2.836212248233229261e+00
-1.115803261746680874e+00
-3.086025997607990234e+00
-2.637029929424210550e+00
-1.211729047208191190e+00
-2.186554320756666669e+00
1.648620270808365262e-01
3.115747762966467604e-01
1.274179047172477652e+00
-6.739067210135161190e-01
-1.381097992589223722e+00
-1.377182549648072296e+00
-1.736482146089787904e+00
-2.436435165112321499e+00
-3.080883449904808558e+00
-2.036636559481452835e+00
-4.094217730166406000e+00
-4.382527244444528236e+00
-4.302109475309876530e+00
-2.078184121856779143e+00
-3.462001330090949125e+00
-5.837469502012973877e+00
-3.449671895823440693e+00
-5.172633441341988103e+00
-4.698522633756542888e+00
-2.133626573862745346e+00
-4.070586595615640846e+00
-4.858984277770481697e+00
-6.012184533362132655e+00
-2.902633071069804060e+00
-2.695531026776723849e+00
-2.375919931098614768e+00
-2.682363391626697791e+00
-8.671560262228901195e-01
-3.479081372150888640e+00
-5.919392889943877023e+00
1.154693020377289159e+00
-3.316401626345189868e+00
-3.628864973746726008e+00
-2.535304909677631002e+00
2.476992795481070431e+00
-2.234274234854186858e+00
-3.762771164724089346e+00
-1.078440828682678543e+00
-2.131867033932746125e+00
-2.549969965560755725e+00
-2.103472729179369338e+00
-2.198479640854850814e+00
-1.621678850174230746e+00
-3.896164374920502382e+00
4.525183226875615361e-01
1.123525629537150294e+00
2.785063361230655232e-01
-2.155895690036263801e+00
-2.789819374694596732e+00
-4.826053686351365002e+00
-3.138934190200176388e+00
6.435346894811289076e-01
-3.371939632305176460e-01
-1.692857459438174672e+00
-1.621898139055087285e+00
-1.539139844134479240e+00
-6.109464775192856578e-01
-2.333053354773025667e+00
3.511200946753541885e+00
1.389650279650486375e+00
1.003337139499214103e+00
9.885242539807350681e-01
3.633456451390784103e+00
2.325092848743239848e+00
-2.345526517672001710e+00
1.417596441590144529e+00
1.105387613705557825e+00
-7.421407924007779044e-01
-2.229743084403255082e-01
7.335017774774499344e-01
-1.514822508789498201e+00
-4.069104442926257725e+00
2.039254900306778140e+00
5.573950323954344199e-01
-1.953551605864778828e+00
-3.403002821973464265e+00
-3.542080495490604441e+00
9.756649133271601215e+00
5.677287248496112326e+00
7.263223422456930756e+00
2.591076103949879972e+00
-4.347394537559621241e-01
-3.193990088020548512e-01
7.943099484058508963e-01
4.101435907016508509e-01
-2.698792122644374736e+00
1.600911654005300555e+00
1.733756674386015106e+00
1.950351559001341606e+00
5.814049842663764345e+00
2.345626057962662436e+00
2.616393739753739567e-01
-2.283989302583870007e+00
3.568250614395735987e+00
3.294940294511432555e-01
-2.193273279196996661e+00
-9.622626764013979539e-01
-8.670044727295085352e-01
-2.974156800541995160e+00
-4.822150156769196450e+00
-5.034151772626200838e-01
5.470837999997840484e+00
-2.866289582887623588e+00
-2.584673306087249323e+00
-1.848306924336357682e+00
-7.496188507338059637e-01
-5.155175643415328857e+00
7.973074131415200938e-01
-1.289849153861741371e+00
-5.479328177719136050e-01
5.527306594712282362e-01
1.971077921681780865e-01
-1.758954051974849442e+00
-5.729401549648037495e+00
2.897573035019869181e-01
4.126922076035119957e-01
-8.784523365792145100e-01
-2.253026831855612144e+00
2.909140167852339864e+00
9.401841871354505997e-01
-5.239676784920671793e+00
8.525422531265602899e-01
9.588915316499035946e-01
-4.820678999491163630e-01
-2.298385563278781518e+00
1.895056010203047592e+00
1.612403169586189566e+00
-2.126346971885207715e+00
2.669043636339453407e+00
2.439595023669957286e+00
1.022336879017990530e+00
4.083631121487139026e-01
3.346992255616862977e-01
3.399913680798598570e-01
-3.408560947775011840e+00
1.787288297718537144e+00
1.355816137690524226e+00
2.165805100542356865e+00
1.189532222292171149e+01
1.046021501838933432e+01
6.964616725190355240e+00
3.171103457150838079e+00
6.836409770661097340e+00
6.562448525752561324e+00
6.269696720470001594e+00
5.453192465200077166e+00
5.304744484659591031e+00
3.852513554666320061e+00
4.526590795929319455e-03
4.702106173992557814e+00
1.125646142155538065e+01
5.140397345019412256e+00
4.839015630299211779e+00
5.174491904379287632e+00
2.873712068039607992e+00
7.838511685158566777e-02
5.652092187931589962e+00
4.831931672847416870e+00
5.657962467476923329e+00
6.462731211304301837e+00
6.127088760770776688e+00
4.709490062982807146e+00
1.109503261016429931e+00
6.243290082429097332e+00
5.269187246949870840e+00
3.945295237051178905e+00
5.251387853936479999e+00
3.597463709810411192e+00
2.752968695580230385e+00
-2.895327711668945536e+00
3.465766582815489105e+00
3.668834740764316482e+00
3.458256576784512148e+00
3.882216180429502561e+00
3.905938776623672837e+00
9.223950318244247271e-01
-2.294521611590809584e-01
4.266768851692985365e+00
3.695230913269923256e+00
1.723677195651999394e+00
3.013713936577773200e+00
3.396225844588049103e+00
2.116101257438809835e+00
-1.562872665830336238e+00
3.014069665371243545e+00
3.821633961296168724e+00
2.839999050821768733e+00
2.556978610805683783e+00
2.509145573643718485e+00
2.348772603186004559e-01
-1.240012614102299349e+00
3.166206281273348466e+00
1.833739965048288845e+00
4.969425112809917611e-01
6.304352907369654702e+00
2.085055448084238705e+00
7.675764409866290272e-01
-1.670117299921120457e+00
1.439133090102100887e+00
1.489741188386479287e+00
7.199198391483634385e-01
1.742537681890145462e+00
3.190277285075358016e-01
-2.261808783264471323e+00
-2.852902071184212573e+00
3.486947327248017814e-01
-8.234875044933918087e-01
-1.414639046439375214e+00
-1.570131484741646766e+00
-1.077139717269159469e+00
-4.034848682902185679e+00
6.959554343585463432e-01
2.190518186319131289e+01
2.789845255689420433e+00
-2.738440127583514627e+00
-2.480740505929235784e+00
-2.303290784891407483e+00
-5.555442220575271151e+00
-4.375125626156383341e+00
-2.069025192096469290e+00
-9.574654303208836037e-01
-3.656154809360413260e+00
-4.306247163142844947e+00
-4.542525051280420278e+00
1.898222466304744227e+00
-1.842186349219971042e+00
-4.556980648160120495e+00
2.619036176417639528e-01
2.950007244462228950e+00
-1.104204918313111961e-01
-1.353877815300674525e+00
2.634265513354044241e+00
4.012576843051288478e+00
-3.289918045375489264e+00
-7.074362869726309455e-01
1.717406102131533441e+00
-5.844220169651093144e-01
-2.221352821568320479e+00
5.087063572084364438e+00
7.203399759012540926e+00
-2.294522708572821923e+00
-3.849776276770322525e+00
-3.665521787836585332e+00
-1.655349451059071830e+00
-3.372129393972889577e+00
5.556574708173238619e+00
6.024862058553065225e+00
5.457796608401690452e-01
-3.562851364128141185e-01
-1.704314740153520802e-01
1.535560300072147166e+00
-6.596228142480622392e-01
1.674120043129783353e+00
-5.014924939447893415e-01
4.612228061813040014e+00
2.361687750921547035e+00
2.731000253615806450e+00
3.205674904801993463e+00
6.400902245203806018e+00
4.025267514279649461e+00
2.326698629293654008e+00
2.334684458756671521e+00
2.176498623359122586e+00
4.514601345353710826e+00
2.396416835050896310e+00
8.825428873495964055e-01
3.883884482088378665e+00
-6.205737482638563840e+00
3.368604725030529767e+00
4.939831629742914565e-01
3.561658290522927039e+00
2.765711844832951183e+00
6.384303095851437959e-01
1.072087738632101717e+00
-3.945919239764288378e-01
1.934925068249597979e+00
-2.219576044835654294e+00
-2.165109328395405708e+00
-4.210480153647339074e-01
-5.160391824699466667e+00
6.196041408474384227e-01
1.926963588697526708e-01
-6.429290354924671602e-01
-2.259345366872774541e+00
-2.351828429371617446e+01
-1.015107393064151253e+01
-1.511280369863711392e+01
-7.283023032591212420e+00
-1.350823318084655789e+01
-1.003549934688843059e+01
-8.377391282102852443e+00
-7.745575782643144613e+00
-1.345826585884505988e+00
-3.387964377893586398e+00
1.173022174205884394e-02
3.174489483702858106e-01
-1.475440825113282228e+00
-2.684048520082498612e+00
-3.947251017902341452e+00
-2.986494145413987944e+00
-3.204806675294901375e+00
-7.194164909199028957e-01
7.094669451611986810e-01
-2.104273289625014698e+00
7.134289457192072303e-01
-2.327937663026646398e+00
-1.716895699941272557e+00
-1.273690426768442796e+00
-2.148121421570537315e+00
-3.111391692533423958e-01
-1.780206268323204277e+00
-5.309817868900406523e+00
-4.436720176617487965e+00
